image: map.pgm
resolution: 0.050000
origin: [-13.0000000, -12.800000, 0.00000]
negate: 0
occupied_thresh: 0.65
free_thresh: 0.196
